263
791
574
256
215
530
804
272
442
319
216
606
511
348
1639
1051
371
403
1407
1468
568
788
2762
207
465
493
457
441
441
351
363
441
441
441
441
205
269
460
382
408
429
429
460
430
206
293
565
289
740
302
259
690
237
314
201
319
264
303
245
206
271
480
396
768
211
241
271
246
358
259
228
474
281
278
243
361
419
297
263
317
291
280
317
233
231
249
252
202
224
341
276
231
482
337
251
357
406
256
277
232
1269
10722
637
510
981
2000
1631
376
296
204
204
211
200
381
1043
512
225
328
3074
422
203
365
405
243
2667
671
629
273
207
661
276
470
209
209
233
249
213
253
411
854
235
321
378
843
955
970
933
589
955
1032
263
502
284
1032
321
279
278
252
323
364
346
401
240
388
226
438
279
504
340
422
269
319
407
257
392
230
427
277
407
256
457
309
484
344
248
471
327
443
290
344
316
333
336
363
217
352
203
383
234
363
207
340
369
207
483
329
422
246
524
356
351
220
394
428
711
298
697
219
220
239
751
676
674
1277
303
752
402
291
487
453
498
414
333
487
410
395
431
428
385
444
235
208
314
337
381
580
297
223
356
274
272
255
338
291
211
243
765
356
280
224
331
329
446
324
459
457
235
532
367
227
258
401
247
326
283
234
345
320
285
228
202
272
282
403
304
287
232
222
619
318
391
320
255
294
208
255
238
215
263
264
231
255
271
305
275
334
246
258
433
375
352
249
236
236
238
255
255
210
215
361
442
297
289
392
230
220
380
347
360
264
456
320
341
329
228
244
260
256
261
921
584
615
681
1343
348
743
260
6324
414
340
242
266
234
207
328
221
370
282
349
222
219
274
250
312
463
396
463
292
222
242
1853
1639
683
644
6499
2368
2255
560
453
1602
1563
2538
304
258
10756
916
314
260
242
328
294
11405
387
327
294
909
1995
1964
1829
1713
952
902
1467
1438
355
1466
1438
1466
1438
1984
1951
236
1984
1951
1967
1934
1968
1935
1809
236
1922
1889
2198
1934
1901
272
1687
315
1791
1584
2271
2147
3419
570
463
728
569
463
1538
1441
456
1537
1441
1562
1466
1562
1466
1559
1462
1559
1462
316
263
8512
414
397
517
1114
2120
2033
2123
2031
2123
2029
2123
2029
2121
2027
2126
2032
2278
319
265
8510
201
318
265
319
266
312
259
201
491
312
259
312
259
312
259
375
260
313
260
377
414
397
854
413
397
413
380
413
382
761
417
248
319
292
1781
1665
2552
1035
978
1492
1467
1438
1768
324
261
353
1754
1540
1736
1518
1535
1298
1535
1298
1530
1293
215
1564
1324
1564
1324
1564
1324
1569
1329
1565
